theta, sigma
0, 0
0.01, 0.00999983
0.02, 0.0199987
0.03, 0.0299955
0.04, 0.0399892
0.05, 0.0499789
0.06, 0.0599635
0.07, 0.0699419
0.08, 0.0799131
0.09, 0.089876
0.1, 0.0998296
0.11, 0.109773
0.12, 0.119704
0.13, 0.129624
0.14, 0.139529
0.15, 0.14942
0.16, 0.159295
0.17, 0.169153
0.18, 0.178993
0.19, 0.188814
0.2, 0.198615
0.21, 0.208395
0.22, 0.218152
0.23, 0.227886
0.24, 0.237595
0.25, 0.24728
0.26, 0.256937
0.27, 0.266567
0.28, 0.276168
0.29, 0.28574
0.3, 0.29528
0.31, 0.304789
0.32, 0.314266
0.33, 0.323708
0.34, 0.333116
0.35, 0.342488
0.36, 0.351824
0.37, 0.361122
0.38, 0.370381
0.39, 0.379601
0.4, 0.38878
0.41, 0.397918
0.42, 0.407014
0.43, 0.416067
0.44, 0.425077
0.45, 0.434041
0.46, 0.442961
0.47, 0.451834
0.48, 0.46066
0.49, 0.469438
0.5, 0.478168
0.51, 0.486848
0.52, 0.495479
0.53, 0.504059
0.54, 0.512588
0.55, 0.521066
0.56, 0.529491
0.57, 0.537863
0.58, 0.546181
0.59, 0.554446
0.6, 0.562656
0.61, 0.570811
0.62, 0.57891
0.63, 0.586954
0.64, 0.594941
0.65, 0.602871
0.66, 0.610744
0.67, 0.61856
0.68, 0.626317
0.69, 0.634017
0.7, 0.641658
0.71, 0.64924
0.72, 0.656764
0.73, 0.664228
0.74, 0.671633
0.75, 0.678978
0.76, 0.686263
0.77, 0.693489
0.78, 0.700654
0.79, 0.707759
0.8, 0.714804
0.81, 0.721789
0.82, 0.728714
0.83, 0.735578
0.84, 0.742381
0.85, 0.749124
0.86, 0.755807
0.87, 0.76243
0.88, 0.768992
0.89, 0.775494
0.9, 0.781936
0.91, 0.788318
0.92, 0.79464
0.93, 0.800902
0.94, 0.807105
0.95, 0.813248
0.96, 0.819332
0.97, 0.825357
0.98, 0.831323
0.99, 0.83723
1, 0.843079
1.01, 0.84887
1.02, 0.854602
1.03, 0.860277
1.04, 0.865895
1.05, 0.871456
1.06, 0.876959
1.07, 0.882406
1.08, 0.887797
1.09, 0.893132
1.1, 0.898412
1.11, 0.903636
1.12, 0.908805
1.13, 0.913919
1.14, 0.91898
1.15, 0.923986
1.16, 0.928939
1.17, 0.933839
1.18, 0.938686
1.19, 0.94348
1.2, 0.948223
1.21, 0.952914
1.22, 0.957554
1.23, 0.962142
1.24, 0.966681
1.25, 0.971169
1.26, 0.975608
1.27, 0.979998
1.28, 0.984339
1.29, 0.988631
1.3, 0.992876
1.31, 0.997073
1.32, 1.00122
1.33, 1.00533
1.34, 1.00938
1.35, 1.01339
1.36, 1.01736
1.37, 1.02128
1.38, 1.02516
1.39, 1.02899
1.4, 1.03277
1.41, 1.03652
1.42, 1.04022
1.43, 1.04388
1.44, 1.0475
1.45, 1.05107
1.46, 1.05461
1.47, 1.0581
1.48, 1.06155
1.49, 1.06497
1.5, 1.06834
1.51, 1.07167
1.52, 1.07497
1.53, 1.07823
1.54, 1.08145
1.55, 1.08463
1.56, 1.08777
1.57, 1.09088
1.58, 1.09395
1.59, 1.09699
1.6, 1.09999
1.61, 1.10295
1.62, 1.10588
1.63, 1.10878
1.64, 1.11164
1.65, 1.11447
1.66, 1.11726
1.67, 1.12002
1.68, 1.12275
1.69, 1.12545
1.7, 1.12812
1.71, 1.13075
1.72, 1.13335
1.73, 1.13593
1.74, 1.13847
1.75, 1.14098
1.76, 1.14346
1.77, 1.14592
1.78, 1.14834
1.79, 1.15074
1.8, 1.1531
1.81, 1.15544
1.82, 1.15775
1.83, 1.16004
1.84, 1.1623
1.85, 1.16453
1.86, 1.16673
1.87, 1.16891
1.88, 1.17106
1.89, 1.17319
1.9, 1.17529
1.91, 1.17737
1.92, 1.17942
1.93, 1.18145
1.94, 1.18345
1.95, 1.18543
1.96, 1.18739
1.97, 1.18932
1.98, 1.19124
1.99, 1.19312
2, 1.19499
2.01, 1.19684
2.02, 1.19866
2.03, 1.20046
2.04, 1.20224
2.05, 1.204
2.06, 1.20574
2.07, 1.20746
2.08, 1.20915
2.09, 1.21083
2.1, 1.21249
2.11, 1.21413
2.12, 1.21575
2.13, 1.21735
2.14, 1.21893
2.15, 1.22049
2.16, 1.22204
2.17, 1.22357
2.18, 1.22508
2.19, 1.22657
2.2, 1.22804
2.21, 1.2295
2.22, 1.23094
2.23, 1.23236
2.24, 1.23377
2.25, 1.23516
2.26, 1.23653
2.27, 1.23789
2.28, 1.23923
2.29, 1.24055
2.3, 1.24187
2.31, 1.24316
2.32, 1.24444
2.33, 1.24571
2.34, 1.24696
2.35, 1.24819
2.36, 1.24942
2.37, 1.25062
2.38, 1.25182
2.39, 1.253
2.4, 1.25416
2.41, 1.25532
2.42, 1.25646
2.43, 1.25758
2.44, 1.2587
2.45, 1.2598
2.46, 1.26089
2.47, 1.26196
2.48, 1.26302
2.49, 1.26408
2.5, 1.26511
2.51, 1.26614
2.52, 1.26716
2.53, 1.26816
2.54, 1.26915
2.55, 1.27013
2.56, 1.2711
2.57, 1.27206
2.58, 1.27301
2.59, 1.27394
2.6, 1.27487
2.61, 1.27578
2.62, 1.27669
2.63, 1.27758
2.64, 1.27847
2.65, 1.27934
2.66, 1.28021
2.67, 1.28106
2.68, 1.28191
2.69, 1.28274
2.7, 1.28357
2.71, 1.28438
2.72, 1.28519
2.73, 1.28599
2.74, 1.28678
2.75, 1.28756
2.76, 1.28833
2.77, 1.28909
2.78, 1.28984
2.79, 1.29059
2.8, 1.29133
2.81, 1.29206
2.82, 1.29278
2.83, 1.29349
2.84, 1.29419
2.85, 1.29489
2.86, 1.29558
2.87, 1.29626
2.88, 1.29693
2.89, 1.2976
2.9, 1.29826
2.91, 1.29891
2.92, 1.29955
2.93, 1.30019
2.94, 1.30082
2.95, 1.30144
2.96, 1.30206
2.97, 1.30266
2.98, 1.30327
2.99, 1.30386
3, 1.30445
3.01, 1.30503
3.02, 1.30561
3.03, 1.30618
3.04, 1.30674
3.05, 1.3073
3.06, 1.30785
3.07, 1.30839
3.08, 1.30893
3.09, 1.30946
3.1, 1.30999
3.11, 1.31051
3.12, 1.31102
3.13, 1.31153
3.14, 1.31204
3.15, 1.31254
3.16, 1.31303
3.17, 1.31352
3.18, 1.314
3.19, 1.31447
3.2, 1.31495
3.21, 1.31541
3.22, 1.31587
3.23, 1.31633
3.24, 1.31678
3.25, 1.31723
3.26, 1.31767
3.27, 1.3181
3.28, 1.31854
3.29, 1.31896
3.3, 1.31938
3.31, 1.3198
3.32, 1.32022
3.33, 1.32062
3.34, 1.32103
3.35, 1.32143
3.36, 1.32182
3.37, 1.32221
3.38, 1.3226
3.39, 1.32298
3.4, 1.32336
3.41, 1.32374
3.42, 1.32411
3.43, 1.32447
3.44, 1.32484
3.45, 1.32519
3.46, 1.32555
3.47, 1.3259
3.48, 1.32625
3.49, 1.32659
3.5, 1.32693
3.51, 1.32726
3.52, 1.3276
3.53, 1.32793
3.54, 1.32825
3.55, 1.32857
3.56, 1.32889
3.57, 1.32921
3.58, 1.32952
3.59, 1.32982
3.6, 1.33013
3.61, 1.33043
3.62, 1.33073
3.63, 1.33102
3.64, 1.33132
3.65, 1.3316
3.66, 1.33189
3.67, 1.33217
3.68, 1.33245
3.69, 1.33273
3.7, 1.333
3.71, 1.33327
3.72, 1.33354
3.73, 1.33381
3.74, 1.33407
3.75, 1.33433
3.76, 1.33458
3.77, 1.33484
3.78, 1.33509
3.79, 1.33534
3.8, 1.33558
3.81, 1.33583
3.82, 1.33607
3.83, 1.3363
3.84, 1.33654
3.85, 1.33677
3.86, 1.337
3.87, 1.33723
3.88, 1.33746
3.89, 1.33768
3.9, 1.3379
3.91, 1.33812
3.92, 1.33834
3.93, 1.33855
3.94, 1.33876
3.95, 1.33897
3.96, 1.33918
3.97, 1.33938
3.98, 1.33959
3.99, 1.33979
4, 1.33999
4.01, 1.34018
4.02, 1.34038
4.03, 1.34057
4.04, 1.34076
4.05, 1.34095
4.06, 1.34114
4.07, 1.34132
4.08, 1.3415
4.09, 1.34168
4.1, 1.34186
4.11, 1.34204
4.12, 1.34221
4.13, 1.34239
4.14, 1.34256
4.15, 1.34273
4.16, 1.3429
4.17, 1.34306
4.18, 1.34323
4.19, 1.34339
4.2, 1.34355
4.21, 1.34371
4.22, 1.34387
4.23, 1.34402
4.24, 1.34418
4.25, 1.34433
4.26, 1.34448
4.27, 1.34463
4.28, 1.34478
4.29, 1.34492
4.3, 1.34507
4.31, 1.34521
4.32, 1.34535
4.33, 1.34549
4.34, 1.34563
4.35, 1.34577
4.36, 1.34591
4.37, 1.34604
4.38, 1.34617
4.39, 1.34631
4.4, 1.34644
4.41, 1.34657
4.42, 1.34669
4.43, 1.34682
4.44, 1.34695
4.45, 1.34707
4.46, 1.34719
4.47, 1.34731
4.48, 1.34743
4.49, 1.34755
4.5, 1.34767
4.51, 1.34779
4.52, 1.3479
4.53, 1.34801
4.54, 1.34813
4.55, 1.34824
4.56, 1.34835
4.57, 1.34846
4.58, 1.34857
4.59, 1.34867
4.6, 1.34878
4.61, 1.34889
4.62, 1.34899
4.63, 1.34909
4.64, 1.34919
4.65, 1.34929
4.66, 1.34939
4.67, 1.34949
4.68, 1.34959
4.69, 1.34969
4.7, 1.34978
4.71, 1.34988
4.72, 1.34997
4.73, 1.35006
4.74, 1.35015
4.75, 1.35024
4.76, 1.35033
4.77, 1.35042
4.78, 1.35051
4.79, 1.3506
4.8, 1.35068
4.81, 1.35077
4.82, 1.35085
4.83, 1.35094
4.84, 1.35102
4.85, 1.3511
4.86, 1.35118
4.87, 1.35126
4.88, 1.35134
4.89, 1.35142
4.9, 1.3515
4.91, 1.35157
4.92, 1.35165
4.93, 1.35173
4.94, 1.3518
4.95, 1.35187
4.96, 1.35195
4.97, 1.35202
4.98, 1.35209
4.99, 1.35216
5, 1.35223
5.01, 1.3523
5.02, 1.35237
5.03, 1.35244
5.04, 1.35251
5.05, 1.35257
5.06, 1.35264
5.07, 1.3527
5.08, 1.35277
5.09, 1.35283
5.1, 1.3529
5.11, 1.35296
5.12, 1.35302
5.13, 1.35308
5.14, 1.35314
5.15, 1.3532
5.16, 1.35326
5.17, 1.35332
5.18, 1.35338
5.19, 1.35344
5.2, 1.35349
5.21, 1.35355
5.22, 1.35361
5.23, 1.35366
5.24, 1.35372
5.25, 1.35377
5.26, 1.35382
5.27, 1.35388
5.28, 1.35393
5.29, 1.35398
5.3, 1.35403
5.31, 1.35408
5.32, 1.35413
5.33, 1.35418
5.34, 1.35423
5.35, 1.35428
5.36, 1.35433
5.37, 1.35438
5.38, 1.35443
5.39, 1.35447
5.4, 1.35452
5.41, 1.35457
5.42, 1.35461
5.43, 1.35466
5.44, 1.3547
5.45, 1.35475
5.46, 1.35479
5.47, 1.35483
5.48, 1.35488
5.49, 1.35492
5.5, 1.35496
5.51, 1.355
5.52, 1.35504
5.53, 1.35508
5.54, 1.35512
5.55, 1.35516
5.56, 1.3552
5.57, 1.35524
5.58, 1.35528
5.59, 1.35532
5.6, 1.35536
5.61, 1.3554
5.62, 1.35543
5.63, 1.35547
5.64, 1.35551
5.65, 1.35554
5.66, 1.35558
5.67, 1.35561
5.68, 1.35565
5.69, 1.35568
5.7, 1.35572
5.71, 1.35575
5.72, 1.35578
5.73, 1.35582
5.74, 1.35585
5.75, 1.35588
5.76, 1.35592
5.77, 1.35595
5.78, 1.35598
5.79, 1.35601
5.8, 1.35604
5.81, 1.35607
5.82, 1.3561
5.83, 1.35613
5.84, 1.35616
5.85, 1.35619
5.86, 1.35622
5.87, 1.35625
5.88, 1.35628
5.89, 1.35631
5.9, 1.35633
5.91, 1.35636
5.92, 1.35639
5.93, 1.35642
5.94, 1.35644
5.95, 1.35647
5.96, 1.3565
5.97, 1.35652
5.98, 1.35655
5.99, 1.35657
6, 1.3566
6.01, 1.35662
6.02, 1.35665
6.03, 1.35667
6.04, 1.3567
6.05, 1.35672
6.06, 1.35675
6.07, 1.35677
6.08, 1.35679
6.09, 1.35682
6.1, 1.35684
6.11, 1.35686
6.12, 1.35688
6.13, 1.35691
6.14, 1.35693
6.15, 1.35695
6.16, 1.35697
6.17, 1.35699
6.18, 1.35701
6.19, 1.35703
6.2, 1.35705
6.21, 1.35708
6.22, 1.3571
6.23, 1.35712
6.24, 1.35714
6.25, 1.35716
6.26, 1.35717
6.27, 1.35719
6.28, 1.35721
6.29, 1.35723
6.3, 1.35725
6.31, 1.35727
6.32, 1.35729
6.33, 1.35731
6.34, 1.35732
6.35, 1.35734
6.36, 1.35736
6.37, 1.35738
6.38, 1.35739
6.39, 1.35741
6.4, 1.35743
6.41, 1.35744
6.42, 1.35746
6.43, 1.35748
6.44, 1.35749
6.45, 1.35751
6.46, 1.35752
6.47, 1.35754
6.48, 1.35756
6.49, 1.35757
6.5, 1.35759
6.51, 1.3576
6.52, 1.35762
6.53, 1.35763
6.54, 1.35765
6.55, 1.35766
6.56, 1.35768
6.57, 1.35769
6.58, 1.3577
6.59, 1.35772
6.6, 1.35773
6.61, 1.35774
6.62, 1.35776
6.63, 1.35777
6.64, 1.35779
6.65, 1.3578
6.66, 1.35781
6.67, 1.35782
6.68, 1.35784
6.69, 1.35785
6.7, 1.35786
6.71, 1.35787
6.72, 1.35789
6.73, 1.3579
6.74, 1.35791
6.75, 1.35792
6.76, 1.35793
6.77, 1.35795
6.78, 1.35796
6.79, 1.35797
6.8, 1.35798
6.81, 1.35799
6.82, 1.358
6.83, 1.35801
6.84, 1.35802
6.85, 1.35803
6.86, 1.35805
6.87, 1.35806
6.88, 1.35807
6.89, 1.35808
6.9, 1.35809
6.91, 1.3581
6.92, 1.35811
6.93, 1.35812
6.94, 1.35813
6.95, 1.35814
6.96, 1.35815
6.97, 1.35816
6.98, 1.35816
6.99, 1.35817
7, 1.35818
7.01, 1.35819
7.02, 1.3582
7.03, 1.35821
7.04, 1.35822
7.05, 1.35823
7.06, 1.35824
7.07, 1.35825
7.08, 1.35825
7.09, 1.35826
7.1, 1.35827
7.11, 1.35828
7.12, 1.35829
7.13, 1.3583
7.14, 1.3583
7.15, 1.35831
7.16, 1.35832
7.17, 1.35833
7.18, 1.35833
7.19, 1.35834
7.2, 1.35835
7.21, 1.35836
7.22, 1.35836
7.23, 1.35837
7.24, 1.35838
7.25, 1.35839
7.26, 1.35839
7.27, 1.3584
7.28, 1.35841
7.29, 1.35841
7.3, 1.35842
7.31, 1.35843
7.32, 1.35843
7.33, 1.35844
7.34, 1.35845
7.35, 1.35845
7.36, 1.35846
7.37, 1.35847
7.38, 1.35847
7.39, 1.35848
7.4, 1.35849
7.41, 1.35849
7.42, 1.3585
7.43, 1.3585
7.44, 1.35851
7.45, 1.35852
7.46, 1.35852
7.47, 1.35853
7.48, 1.35853
7.49, 1.35854
7.5, 1.35854
7.51, 1.35855
7.52, 1.35855
7.53, 1.35856
7.54, 1.35857
7.55, 1.35857
7.56, 1.35858
7.57, 1.35858
7.58, 1.35859
7.59, 1.35859
7.6, 1.3586
7.61, 1.3586
7.62, 1.35861
7.63, 1.35861
7.64, 1.35862
7.65, 1.35862
7.66, 1.35863
7.67, 1.35863
7.68, 1.35864
7.69, 1.35864
7.7, 1.35864
7.71, 1.35865
7.72, 1.35865
7.73, 1.35866
7.74, 1.35866
7.75, 1.35867
7.76, 1.35867
7.77, 1.35868
7.78, 1.35868
7.79, 1.35868
7.8, 1.35869
7.81, 1.35869
7.82, 1.3587
7.83, 1.3587
7.84, 1.3587
7.85, 1.35871
7.86, 1.35871
7.87, 1.35872
7.88, 1.35872
7.89, 1.35872
7.9, 1.35873
7.91, 1.35873
7.92, 1.35873
7.93, 1.35874
7.94, 1.35874
7.95, 1.35875
7.96, 1.35875
7.97, 1.35875
7.98, 1.35876
7.99, 1.35876
8, 1.35876
8.01, 1.35877
8.02, 1.35877
8.03, 1.35877
8.04, 1.35878
8.05, 1.35878
8.06, 1.35878
8.07, 1.35879
8.08, 1.35879
8.09, 1.35879
8.1, 1.35879
8.11, 1.3588
8.12, 1.3588
8.13, 1.3588
8.14, 1.35881
8.15, 1.35881
8.16, 1.35881
8.17, 1.35881
8.18, 1.35882
8.19, 1.35882
8.2, 1.35882
8.21, 1.35883
8.22, 1.35883
8.23, 1.35883
8.24, 1.35883
8.25, 1.35884
8.26, 1.35884
8.27, 1.35884
8.28, 1.35884
8.29, 1.35885
8.3, 1.35885
8.31, 1.35885
8.32, 1.35885
8.33, 1.35886
8.34, 1.35886
8.35, 1.35886
8.36, 1.35886
8.37, 1.35887
8.38, 1.35887
8.39, 1.35887
8.4, 1.35887
8.41, 1.35888
8.42, 1.35888
8.43, 1.35888
8.44, 1.35888
8.45, 1.35888
8.46, 1.35889
8.47, 1.35889
8.48, 1.35889
8.49, 1.35889
8.5, 1.35889
8.51, 1.3589
8.52, 1.3589
8.53, 1.3589
8.54, 1.3589
8.55, 1.3589
8.56, 1.35891
8.57, 1.35891
8.58, 1.35891
8.59, 1.35891
8.6, 1.35891
8.61, 1.35892
8.62, 1.35892
8.63, 1.35892
8.64, 1.35892
8.65, 1.35892
8.66, 1.35892
8.67, 1.35893
8.68, 1.35893
8.69, 1.35893
8.7, 1.35893
8.71, 1.35893
8.72, 1.35893
8.73, 1.35894
8.74, 1.35894
8.75, 1.35894
8.76, 1.35894
8.77, 1.35894
8.78, 1.35894
8.79, 1.35895
8.8, 1.35895
8.81, 1.35895
8.82, 1.35895
8.83, 1.35895
8.84, 1.35895
8.85, 1.35895
8.86, 1.35896
8.87, 1.35896
8.88, 1.35896
8.89, 1.35896
8.9, 1.35896
8.91, 1.35896
8.92, 1.35896
8.93, 1.35897
8.94, 1.35897
8.95, 1.35897
8.96, 1.35897
8.97, 1.35897
8.98, 1.35897
8.99, 1.35897
9, 1.35897
9.01, 1.35898
9.02, 1.35898
9.03, 1.35898
9.04, 1.35898
9.05, 1.35898
9.06, 1.35898
9.07, 1.35898
9.08, 1.35898
9.09, 1.35899
9.1, 1.35899
9.11, 1.35899
9.12, 1.35899
9.13, 1.35899
9.14, 1.35899
9.15, 1.35899
9.16, 1.35899
9.17, 1.35899
9.18, 1.359
9.19, 1.359
9.2, 1.359
9.21, 1.359
9.22, 1.359
9.23, 1.359
9.24, 1.359
9.25, 1.359
9.26, 1.359
9.27, 1.359
9.28, 1.359
9.29, 1.35901
9.3, 1.35901
9.31, 1.35901
9.32, 1.35901
9.33, 1.35901
9.34, 1.35901
9.35, 1.35901
9.36, 1.35901
9.37, 1.35901
9.38, 1.35901
9.39, 1.35901
9.4, 1.35902
9.41, 1.35902
9.42, 1.35902
9.43, 1.35902
9.44, 1.35902
9.45, 1.35902
9.46, 1.35902
9.47, 1.35902
9.48, 1.35902
9.49, 1.35902
9.5, 1.35902
9.51, 1.35902
9.52, 1.35902
9.53, 1.35903
9.54, 1.35903
9.55, 1.35903
9.56, 1.35903
9.57, 1.35903
9.58, 1.35903
9.59, 1.35903
9.6, 1.35903
9.61, 1.35903
9.62, 1.35903
9.63, 1.35903
9.64, 1.35903
9.65, 1.35903
9.66, 1.35903
9.67, 1.35904
9.68, 1.35904
9.69, 1.35904
9.7, 1.35904
9.71, 1.35904
9.72, 1.35904
9.73, 1.35904
9.74, 1.35904
9.75, 1.35904
9.76, 1.35904
9.77, 1.35904
9.78, 1.35904
9.79, 1.35904
9.8, 1.35904
9.81, 1.35904
9.82, 1.35904
9.83, 1.35904
9.84, 1.35904
9.85, 1.35905
9.86, 1.35905
9.87, 1.35905
9.88, 1.35905
9.89, 1.35905
9.9, 1.35905
9.91, 1.35905
9.92, 1.35905
9.93, 1.35905
9.94, 1.35905
9.95, 1.35905
9.96, 1.35905
9.97, 1.35905
9.98, 1.35905
9.99, 1.35905
10, 1.35905
10.01, 1.35905
10.02, 1.35905
10.03, 1.35905
10.04, 1.35905
10.05, 1.35906
10.06, 1.35906
10.07, 1.35906
10.08, 1.35906
10.09, 1.35906
10.1, 1.35906
10.11, 1.35906
10.12, 1.35906
10.13, 1.35906
10.14, 1.35906
10.15, 1.35906
10.16, 1.35906
10.17, 1.35906
10.18, 1.35906
10.19, 1.35906
10.2, 1.35906
10.21, 1.35906
10.22, 1.35906
10.23, 1.35906
10.24, 1.35906
10.25, 1.35906
10.26, 1.35906
10.27, 1.35906
10.28, 1.35906
10.29, 1.35906
10.3, 1.35906
10.31, 1.35906
10.32, 1.35907
10.33, 1.35907
10.34, 1.35907
10.35, 1.35907
10.36, 1.35907
10.37, 1.35907
10.38, 1.35907
10.39, 1.35907
10.4, 1.35907
10.41, 1.35907
10.42, 1.35907
10.43, 1.35907
10.44, 1.35907
10.45, 1.35907
10.46, 1.35907
10.47, 1.35907
10.48, 1.35907
10.49, 1.35907
10.5, 1.35907
10.51, 1.35907
10.52, 1.35907
10.53, 1.35907
10.54, 1.35907
10.55, 1.35907
10.56, 1.35907
10.57, 1.35907
10.58, 1.35907
10.59, 1.35907
10.6, 1.35907
10.61, 1.35907
10.62, 1.35907
10.63, 1.35907
10.64, 1.35907
10.65, 1.35907
10.66, 1.35907
10.67, 1.35908
10.68, 1.35908
10.69, 1.35908
10.7, 1.35908
10.71, 1.35908
10.72, 1.35908
10.73, 1.35908
10.74, 1.35908
10.75, 1.35908
10.76, 1.35908
10.77, 1.35908
10.78, 1.35908
10.79, 1.35908
10.8, 1.35908
10.81, 1.35908
10.82, 1.35908
10.83, 1.35908
10.84, 1.35908
10.85, 1.35908
10.86, 1.35908
10.87, 1.35908
10.88, 1.35908
10.89, 1.35908
10.9, 1.35908
10.91, 1.35908
10.92, 1.35908
10.93, 1.35908
10.94, 1.35908
10.95, 1.35908
10.96, 1.35908
10.97, 1.35908
10.98, 1.35908
10.99, 1.35908
11, 1.35908
11.01, 1.35908
11.02, 1.35908
11.03, 1.35908
11.04, 1.35908
11.05, 1.35908
11.06, 1.35908
11.07, 1.35908
11.08, 1.35908
11.09, 1.35908
11.1, 1.35908
11.11, 1.35908
11.12, 1.35908
11.13, 1.35908
11.14, 1.35908
11.15, 1.35908
11.16, 1.35908
11.17, 1.35908
11.18, 1.35908
11.19, 1.35908
11.2, 1.35908
11.21, 1.35908
11.22, 1.35908
11.23, 1.35909
11.24, 1.35909
11.25, 1.35909
11.26, 1.35909
11.27, 1.35909
11.28, 1.35909
11.29, 1.35909
11.3, 1.35909
11.31, 1.35909
11.32, 1.35909
11.33, 1.35909
11.34, 1.35909
11.35, 1.35909
11.36, 1.35909
11.37, 1.35909
11.38, 1.35909
11.39, 1.35909
11.4, 1.35909
11.41, 1.35909
11.42, 1.35909
11.43, 1.35909
11.44, 1.35909
11.45, 1.35909
11.46, 1.35909
11.47, 1.35909
11.48, 1.35909
11.49, 1.35909
11.5, 1.35909
11.51, 1.35909
11.52, 1.35909
11.53, 1.35909
11.54, 1.35909
11.55, 1.35909
11.56, 1.35909
11.57, 1.35909
11.58, 1.35909
11.59, 1.35909
11.6, 1.35909
11.61, 1.35909
11.62, 1.35909
11.63, 1.35909
11.64, 1.35909
11.65, 1.35909
11.66, 1.35909
11.67, 1.35909
11.68, 1.35909
11.69, 1.35909
11.7, 1.35909
11.71, 1.35909
11.72, 1.35909
11.73, 1.35909
11.74, 1.35909
11.75, 1.35909
11.76, 1.35909
11.77, 1.35909
11.78, 1.35909
11.79, 1.35909
11.8, 1.35909
11.81, 1.35909
11.82, 1.35909
11.83, 1.35909
11.84, 1.35909
11.85, 1.35909
11.86, 1.35909
11.87, 1.35909
11.88, 1.35909
11.89, 1.35909
11.9, 1.35909
11.91, 1.35909
11.92, 1.35909
11.93, 1.35909
11.94, 1.35909
11.95, 1.35909
11.96, 1.35909
11.97, 1.35909
11.98, 1.35909
11.99, 1.35909
12, 1.35909
12.01, 1.35909
12.02, 1.35909
12.03, 1.35909
12.04, 1.35909
12.05, 1.35909
12.06, 1.35909
12.07, 1.35909
12.08, 1.35909
12.09, 1.35909
12.1, 1.35909
12.11, 1.35909
12.12, 1.35909
12.13, 1.35909
12.14, 1.35909
12.15, 1.35909
12.16, 1.35909
12.17, 1.35909
12.18, 1.35909
12.19, 1.35909
12.2, 1.35909
12.21, 1.35909
12.22, 1.35909
12.23, 1.35909
12.24, 1.35909
12.25, 1.35909
12.26, 1.35909
12.27, 1.35909
12.28, 1.35909
12.29, 1.35909
12.3, 1.35909
12.31, 1.35909
12.32, 1.35909
12.33, 1.35909
12.34, 1.35909
12.35, 1.35909
12.36, 1.35909
12.37, 1.35909
12.38, 1.35909
12.39, 1.35909
12.4, 1.35909
12.41, 1.35909
12.42, 1.35909
12.43, 1.35909
12.44, 1.35909
12.45, 1.35909
12.46, 1.35909
12.47, 1.35909
12.48, 1.35909
12.49, 1.35909
12.5, 1.35909
12.51, 1.35909
12.52, 1.35909
12.53, 1.35909
12.54, 1.35909
12.55, 1.35909
12.56, 1.35909
12.57, 1.35909
12.58, 1.35909
12.59, 1.35909
12.6, 1.35909
12.61, 1.35909
12.62, 1.35909
12.63, 1.3591
12.64, 1.3591
12.65, 1.3591
12.66, 1.3591
12.67, 1.3591
12.68, 1.3591
12.69, 1.3591
12.7, 1.3591
12.71, 1.3591
12.72, 1.3591
12.73, 1.3591
12.74, 1.3591
12.75, 1.3591
12.76, 1.3591
12.77, 1.3591
12.78, 1.3591
12.79, 1.3591
12.8, 1.3591
12.81, 1.3591
12.82, 1.3591
12.83, 1.3591
12.84, 1.3591
12.85, 1.3591
12.86, 1.3591
12.87, 1.3591
12.88, 1.3591
12.89, 1.3591
12.9, 1.3591
12.91, 1.3591
12.92, 1.3591
12.93, 1.3591
12.94, 1.3591
12.95, 1.3591
12.96, 1.3591
12.97, 1.3591
12.98, 1.3591
12.99, 1.3591
13, 1.3591
13.01, 1.3591
13.02, 1.3591
13.03, 1.3591
13.04, 1.3591
13.05, 1.3591
13.06, 1.3591
13.07, 1.3591
13.08, 1.3591
13.09, 1.3591
13.1, 1.3591
13.11, 1.3591
13.12, 1.3591
13.13, 1.3591
13.14, 1.3591
13.15, 1.3591
13.16, 1.3591
13.17, 1.3591
13.18, 1.3591
13.19, 1.3591
13.2, 1.3591
13.21, 1.3591
13.22, 1.3591
13.23, 1.3591
13.24, 1.3591
13.25, 1.3591
13.26, 1.3591
13.27, 1.3591
13.28, 1.3591
13.29, 1.3591
13.3, 1.3591
13.31, 1.3591
13.32, 1.3591
13.33, 1.3591
13.34, 1.3591
13.35, 1.3591
13.36, 1.3591
13.37, 1.3591
13.38, 1.3591
13.39, 1.3591
13.4, 1.3591
13.41, 1.3591
13.42, 1.3591
13.43, 1.3591
13.44, 1.3591
13.45, 1.3591
13.46, 1.3591
13.47, 1.3591
13.48, 1.3591
13.49, 1.3591
13.5, 1.3591
13.51, 1.3591
13.52, 1.3591
13.53, 1.3591
13.54, 1.3591
13.55, 1.3591
13.56, 1.3591
13.57, 1.3591
13.58, 1.3591
13.59, 1.3591
13.6, 1.3591
13.61, 1.3591
13.62, 1.3591
13.63, 1.3591
13.64, 1.3591
13.65, 1.3591
13.66, 1.3591
13.67, 1.3591
13.68, 1.3591
13.69, 1.3591
13.7, 1.3591
13.71, 1.3591
13.72, 1.3591
13.73, 1.3591
13.74, 1.3591
13.75, 1.3591
13.76, 1.3591
13.77, 1.3591
13.78, 1.3591
13.79, 1.3591
13.8, 1.3591
13.81, 1.3591
13.82, 1.3591
13.83, 1.3591
13.84, 1.3591
13.85, 1.3591
13.86, 1.3591
13.87, 1.3591
13.88, 1.3591
13.89, 1.3591
13.9, 1.3591
13.91, 1.3591
13.92, 1.3591
13.93, 1.3591
13.94, 1.3591
13.95, 1.3591
13.96, 1.3591
13.97, 1.3591
13.98, 1.3591
13.99, 1.3591
14, 1.3591
14.01, 1.3591
14.02, 1.3591
14.03, 1.3591
14.04, 1.3591
14.05, 1.3591
14.06, 1.3591
14.07, 1.3591
14.08, 1.3591
14.09, 1.3591
14.1, 1.3591
14.11, 1.3591
14.12, 1.3591
14.13, 1.3591
14.14, 1.3591
14.15, 1.3591
14.16, 1.3591
14.17, 1.3591
14.18, 1.3591
14.19, 1.3591
14.2, 1.3591
14.21, 1.3591
14.22, 1.3591
14.23, 1.3591
14.24, 1.3591
14.25, 1.3591
14.26, 1.3591
14.27, 1.3591
14.28, 1.3591
14.29, 1.3591
14.3, 1.3591
14.31, 1.3591
14.32, 1.3591
14.33, 1.3591
14.34, 1.3591
14.35, 1.3591
14.36, 1.3591
14.37, 1.3591
14.38, 1.3591
14.39, 1.3591
14.4, 1.3591
14.41, 1.3591
14.42, 1.3591
14.43, 1.3591
14.44, 1.3591
14.45, 1.3591
14.46, 1.3591
14.47, 1.3591
14.48, 1.3591
14.49, 1.3591
14.5, 1.3591
14.51, 1.3591
14.52, 1.3591
14.53, 1.3591
14.54, 1.3591
14.55, 1.3591
14.56, 1.3591
14.57, 1.3591
14.58, 1.3591
14.59, 1.3591
14.6, 1.3591
14.61, 1.3591
14.62, 1.3591
14.63, 1.3591
14.64, 1.3591
14.65, 1.3591
14.66, 1.3591
14.67, 1.3591
14.68, 1.3591
14.69, 1.3591
14.7, 1.3591
14.71, 1.3591
14.72, 1.3591
14.73, 1.3591
14.74, 1.3591
14.75, 1.3591
14.76, 1.3591
14.77, 1.3591
14.78, 1.3591
14.79, 1.3591
14.8, 1.3591
14.81, 1.3591
14.82, 1.3591
14.83, 1.3591
14.84, 1.3591
14.85, 1.3591
14.86, 1.3591
14.87, 1.3591
14.88, 1.3591
14.89, 1.3591
14.9, 1.3591
14.91, 1.3591
14.92, 1.3591
14.93, 1.3591
14.94, 1.3591
14.95, 1.3591
14.96, 1.3591
14.97, 1.3591
14.98, 1.3591
14.99, 1.3591
15, 1.3591
15.01, 1.3591
15.02, 1.3591
15.03, 1.3591
15.04, 1.3591
15.05, 1.3591
15.06, 1.3591
15.07, 1.3591
15.08, 1.3591
15.09, 1.3591
15.1, 1.3591
15.11, 1.3591
15.12, 1.3591
15.13, 1.3591
15.14, 1.3591
15.15, 1.3591
15.16, 1.3591
15.17, 1.3591
15.18, 1.3591
15.19, 1.3591
15.2, 1.3591
15.21, 1.3591
15.22, 1.3591
15.23, 1.3591
15.24, 1.3591
15.25, 1.3591
15.26, 1.3591
15.27, 1.3591
15.28, 1.3591
15.29, 1.3591
15.3, 1.3591
15.31, 1.3591
15.32, 1.3591
15.33, 1.3591
15.34, 1.3591
15.35, 1.3591
15.36, 1.3591
15.37, 1.3591
15.38, 1.3591
15.39, 1.3591
15.4, 1.3591
15.41, 1.3591
15.42, 1.3591
15.43, 1.3591
15.44, 1.3591
15.45, 1.3591
15.46, 1.3591
15.47, 1.3591
15.48, 1.3591
15.49, 1.3591
15.5, 1.3591
15.51, 1.3591
15.52, 1.3591
15.53, 1.3591
15.54, 1.3591
15.55, 1.3591
15.56, 1.3591
15.57, 1.3591
15.58, 1.3591
15.59, 1.3591
15.6, 1.3591
15.61, 1.3591
15.62, 1.3591
15.63, 1.3591
15.64, 1.3591
15.65, 1.3591
15.66, 1.3591
15.67, 1.3591
15.68, 1.3591
15.69, 1.3591
15.7, 1.3591
15.71, 1.3591
15.72, 1.3591
15.73, 1.3591
15.74, 1.3591
15.75, 1.3591
15.76, 1.3591
15.77, 1.3591
15.78, 1.3591
15.79, 1.3591
15.8, 1.3591
15.81, 1.3591
15.82, 1.3591
15.83, 1.3591
15.84, 1.3591
15.85, 1.3591
15.86, 1.3591
15.87, 1.3591
15.88, 1.3591
15.89, 1.3591
15.9, 1.3591
15.91, 1.3591
15.92, 1.3591
15.93, 1.3591
15.94, 1.3591
15.95, 1.3591
15.96, 1.3591
15.97, 1.3591
15.98, 1.3591
15.99, 1.3591
16, 1.3591
16.01, 1.3591
16.02, 1.3591
16.03, 1.3591
16.04, 1.3591
16.05, 1.3591
16.06, 1.3591
16.07, 1.3591
16.08, 1.3591
16.09, 1.3591
16.1, 1.3591
16.11, 1.3591
16.12, 1.3591
16.13, 1.3591
16.14, 1.3591
16.15, 1.3591
16.16, 1.3591
16.17, 1.3591
16.18, 1.3591
16.19, 1.3591
16.2, 1.3591
16.21, 1.3591
16.22, 1.3591
16.23, 1.3591
16.24, 1.3591
16.25, 1.3591
16.26, 1.3591
16.27, 1.3591
16.28, 1.3591
16.29, 1.3591
16.3, 1.3591
16.31, 1.3591
16.32, 1.3591
16.33, 1.3591
16.34, 1.3591
16.35, 1.3591
16.36, 1.3591
16.37, 1.3591
16.38, 1.3591
16.39, 1.3591
16.4, 1.3591
16.41, 1.3591
16.42, 1.3591
16.43, 1.3591
16.44, 1.3591
16.45, 1.3591
16.46, 1.3591
16.47, 1.3591
16.48, 1.3591
16.49, 1.3591
16.5, 1.3591
16.51, 1.3591
16.52, 1.3591
16.53, 1.3591
16.54, 1.3591
16.55, 1.3591
16.56, 1.3591
16.57, 1.3591
16.58, 1.3591
16.59, 1.3591
16.6, 1.3591
16.61, 1.3591
16.62, 1.3591
16.63, 1.3591
16.64, 1.3591
16.65, 1.3591
16.66, 1.3591
16.67, 1.3591
16.68, 1.3591
16.69, 1.3591
16.7, 1.3591
16.71, 1.3591
16.72, 1.3591
16.73, 1.3591
16.74, 1.3591
16.75, 1.3591
16.76, 1.3591
16.77, 1.3591
16.78, 1.3591
16.79, 1.3591
16.8, 1.3591
16.81, 1.3591
16.82, 1.3591
16.83, 1.3591
16.84, 1.3591
16.85, 1.3591
16.86, 1.3591
16.87, 1.3591
16.88, 1.3591
16.89, 1.3591
16.9, 1.3591
16.91, 1.3591
16.92, 1.3591
16.93, 1.3591
16.94, 1.3591
16.95, 1.3591
16.96, 1.3591
16.97, 1.3591
16.98, 1.3591
16.99, 1.3591
17, 1.3591
17.01, 1.3591
17.02, 1.3591
17.03, 1.3591
17.04, 1.3591
17.05, 1.3591
17.06, 1.3591
17.07, 1.3591
17.08, 1.3591
17.09, 1.3591
17.1, 1.3591
17.11, 1.3591
17.12, 1.3591
17.13, 1.3591
17.14, 1.3591
17.15, 1.3591
17.16, 1.3591
17.17, 1.3591
17.18, 1.3591
17.19, 1.3591
17.2, 1.3591
17.21, 1.3591
17.22, 1.3591
17.23, 1.3591
17.24, 1.3591
17.25, 1.3591
17.26, 1.3591
17.27, 1.3591
17.28, 1.3591
17.29, 1.3591
17.3, 1.3591
17.31, 1.3591
17.32, 1.3591
17.33, 1.3591
17.34, 1.3591
17.35, 1.3591
17.36, 1.3591
17.37, 1.3591
17.38, 1.3591
17.39, 1.3591
17.4, 1.3591
17.41, 1.3591
17.42, 1.3591
17.43, 1.3591
17.44, 1.3591
17.45, 1.3591
17.46, 1.3591
17.47, 1.3591
17.48, 1.3591
17.49, 1.3591
17.5, 1.3591
17.51, 1.3591
17.52, 1.3591
17.53, 1.3591
17.54, 1.3591
17.55, 1.3591
17.56, 1.3591
17.57, 1.3591
17.58, 1.3591
17.59, 1.3591
17.6, 1.3591
17.61, 1.3591
17.62, 1.3591
17.63, 1.3591
17.64, 1.3591
17.65, 1.3591
17.66, 1.3591
17.67, 1.3591
17.68, 1.3591
17.69, 1.3591
17.7, 1.3591
17.71, 1.3591
17.72, 1.3591
17.73, 1.3591
17.74, 1.3591
17.75, 1.3591
17.76, 1.3591
17.77, 1.3591
17.78, 1.3591
17.79, 1.3591
17.8, 1.3591
17.81, 1.3591
17.82, 1.3591
17.83, 1.3591
17.84, 1.3591
17.85, 1.3591
17.86, 1.3591
17.87, 1.3591
17.88, 1.3591
17.89, 1.3591
17.9, 1.3591
17.91, 1.3591
17.92, 1.3591
17.93, 1.3591
17.94, 1.3591
17.95, 1.3591
17.96, 1.3591
17.97, 1.3591
17.98, 1.3591
17.99, 1.3591
18, 1.3591
18.01, 1.3591
18.02, 1.3591
18.03, 1.3591
18.04, 1.3591
18.05, 1.3591
18.06, 1.3591
18.07, 1.3591
18.08, 1.3591
18.09, 1.3591
18.1, 1.3591
18.11, 1.3591
18.12, 1.3591
18.13, 1.3591
18.14, 1.3591
18.15, 1.3591
18.16, 1.3591
18.17, 1.3591
18.18, 1.3591
18.19, 1.3591
18.2, 1.3591
18.21, 1.3591
18.22, 1.3591
18.23, 1.3591
18.24, 1.3591
18.25, 1.3591
18.26, 1.3591
18.27, 1.3591
18.28, 1.3591
18.29, 1.3591
18.3, 1.3591
18.31, 1.3591
18.32, 1.3591
18.33, 1.3591
18.34, 1.3591
18.35, 1.3591
18.36, 1.3591
18.37, 1.3591
18.38, 1.3591
18.39, 1.3591
18.4, 1.3591
18.41, 1.3591
18.42, 1.3591
18.43, 1.3591
18.44, 1.3591
18.45, 1.3591
18.46, 1.3591
18.47, 1.3591
18.48, 1.3591
18.49, 1.3591
18.5, 1.3591
18.51, 1.3591
18.52, 1.3591
18.53, 1.3591
18.54, 1.3591
18.55, 1.3591
18.56, 1.3591
18.57, 1.3591
18.58, 1.3591
18.59, 1.3591
18.6, 1.3591
18.61, 1.3591
18.62, 1.3591
18.63, 1.3591
18.64, 1.3591
18.65, 1.3591
18.66, 1.3591
18.67, 1.3591
18.68, 1.3591
18.69, 1.3591
18.7, 1.3591
18.71, 1.3591
18.72, 1.3591
18.73, 1.3591
18.74, 1.3591
18.75, 1.3591
18.76, 1.3591
18.77, 1.3591
18.78, 1.3591
18.79, 1.3591
18.8, 1.3591
18.81, 1.3591
18.82, 1.3591
18.83, 1.3591
18.84, 1.3591
18.85, 1.3591
18.86, 1.3591
18.87, 1.3591
18.88, 1.3591
18.89, 1.3591
18.9, 1.3591
18.91, 1.3591
18.92, 1.3591
18.93, 1.3591
18.94, 1.3591
18.95, 1.3591
18.96, 1.3591
18.97, 1.3591
18.98, 1.3591
18.99, 1.3591
19, 1.3591
19.01, 1.3591
19.02, 1.3591
19.03, 1.3591
19.04, 1.3591
19.05, 1.3591
19.06, 1.3591
19.07, 1.3591
19.08, 1.3591
19.09, 1.3591
19.1, 1.3591
19.11, 1.3591
19.12, 1.3591
19.13, 1.3591
19.14, 1.3591
19.15, 1.3591
19.16, 1.3591
19.17, 1.3591
19.18, 1.3591
19.19, 1.3591
19.2, 1.3591
19.21, 1.3591
19.22, 1.3591
19.23, 1.3591
19.24, 1.3591
19.25, 1.3591
19.26, 1.3591
19.27, 1.3591
19.28, 1.3591
19.29, 1.3591
19.3, 1.3591
19.31, 1.3591
19.32, 1.3591
19.33, 1.3591
19.34, 1.3591
19.35, 1.3591
19.36, 1.3591
19.37, 1.3591
19.38, 1.3591
19.39, 1.3591
19.4, 1.3591
19.41, 1.3591
19.42, 1.3591
19.43, 1.3591
19.44, 1.3591
19.45, 1.3591
19.46, 1.3591
19.47, 1.3591
19.48, 1.3591
19.49, 1.3591
19.5, 1.3591
19.51, 1.3591
19.52, 1.3591
19.53, 1.3591
19.54, 1.3591
19.55, 1.3591
19.56, 1.3591
19.57, 1.3591
19.58, 1.3591
19.59, 1.3591
19.6, 1.3591
19.61, 1.3591
19.62, 1.3591
19.63, 1.3591
19.64, 1.3591
19.65, 1.3591
19.66, 1.3591
19.67, 1.3591
19.68, 1.3591
19.69, 1.3591
19.7, 1.3591
19.71, 1.3591
19.72, 1.3591
19.73, 1.3591
19.74, 1.3591
19.75, 1.3591
19.76, 1.3591
19.77, 1.3591
19.78, 1.3591
19.79, 1.3591
19.8, 1.3591
19.81, 1.3591
19.82, 1.3591
19.83, 1.3591
19.84, 1.3591
19.85, 1.3591
19.86, 1.3591
19.87, 1.3591
19.88, 1.3591
19.89, 1.3591
19.9, 1.3591
19.91, 1.3591
19.92, 1.3591
19.93, 1.3591
19.94, 1.3591
19.95, 1.3591
19.96, 1.3591
19.97, 1.3591
19.98, 1.3591
19.99, 1.3591
20, 1.3591
