mu, G with Pr = 0.2, G with Pr = 1, G with Pr = 4, G with Pr = 8
0,0,0,0,0
0,1,1,1,1
0.1,0.981489,0.966795,0.946523,0.932446
0.2,0.962978,0.933592,0.893066,0.864944
0.3,0.944469,0.900402,0.839684,0.797628
0.4,0.925963,0.867236,0.786463,0.730721
0.5,0.907461,0.834115,0.733528,0.664528
0.6,0.888967,0.801063,0.681032,0.599431
0.7,0.870484,0.76811,0.629163,0.535877
0.8,0.852017,0.735291,0.578133,0.474362
0.9,0.833569,0.702646,0.528176,0.415406
1,0.815146,0.67022,0.479544,0.359536
1.1,0.796753,0.638062,0.432499,0.307247
1.2,0.778397,0.606224,0.3873,0.258982
1.3,0.760085,0.574763,0.344203,0.215099
1.4,0.741824,0.543739,0.303445,0.175845
1.5,0.723621,0.513211,0.265237,0.141346
1.6,0.705486,0.483244,0.229754,0.11159
1.7,0.687428,0.4539,0.197132,0.0864348
1.8,0.669454,0.425242,0.167455,0.0656143
1.9,0.651575,0.397334,0.14076,0.0487627
2,0.633802,0.370235,0.117026,0.0354401
2.1,0.616143,0.344002,0.0961843,0.0251631
2.2,0.598611,0.31869,0.0781148,0.0174361
2.3,0.581214,0.294348,0.0626569,0.0117793
2.4,0.563966,0.271019,0.049615,0.00775093
2.5,0.546875,0.248741,0.0387679,0.00496304
2.6,0.529954,0.227546,0.0298786,0.00308972
2.7,0.513214,0.207457,0.0227037,0.00186856
2.8,0.496665,0.188491,0.0170023,0.00109694
2.9,0.480318,0.170657,0.0125438,0.000624683
3,0.464185,0.153956,0.00911387,0.000344917
3.1,0.448275,0.138382,0.00651896,0.000184603
3.2,0.4326,0.123919,0.00458897,9.5796e-05
3.3,0.417169,0.110548,0.00317818,4.82628e-05
3.4,0.401991,0.0982396,0.00216495,2.36919e-05
3.5,0.387076,0.0869604,0.00145012,1.14304e-05
3.6,0.372433,0.0766711,0.000954857,5.52519e-06
3.7,0.358069,0.0673278,0.000617952,2.7812e-06
3.8,0.343993,0.0588828,0.000392972,1.55116e-06
3.9,0.330212,0.0512853,0.000245514,1.01927e-06
4,0.316732,0.0444826,0.000150668,7.97393e-07
4.1,0.303559,0.0384203,9.08105e-05,7.08096e-07
4.2,0.290699,0.0330437,5.37477e-05,6.73413e-07
4.3,0.278156,0.0282982,3.12355e-05,6.60407e-07
4.4,0.265935,0.02413,1.78224e-05,6.55696e-07
4.5,0.254038,0.0204865,9.98405e-06,6.54047e-07
4.6,0.242468,0.0173173,5.49148e-06,6.53488e-07
4.7,0.231228,0.0145741,2.96621e-06,6.53304e-07
4.8,0.220318,0.0122112,1.57416e-06,6.53246e-07
4.9,0.20974,0.0101861,8.21647e-07,6.53228e-07
5,0.199494,0.00845887,4.22721e-07,6.53223e-07
5.1,0.189578,0.00699305,2.15336e-07,6.53221e-07
5.2,0.179992,0.00575523,1.0961e-07,6.53221e-07
5.3,0.170734,0.00471511,5.67531e-08,6.5322e-07
5.4,0.161802,0.00384545,3.0838e-08,6.5322e-07
5.5,0.153192,0.00312193,1.8377e-08,6.5322e-07
5.6,0.144902,0.00252298,1.25005e-08,6.5322e-07
5.7,0.136928,0.00202961,9.78237e-09,6.5322e-07
5.8,0.129264,0.00162524,8.54916e-09,6.5322e-07
5.9,0.121907,0.00129546,8.00031e-09,6.5322e-07
6,0.114851,0.00102786,7.76067e-09,6.5322e-07
6.1,0.108091,0.000811779,7.65802e-09,6.5322e-07
6.2,0.10162,0.00063818,7.61487e-09,6.5322e-07
6.3,0.0954328,0.000499402,7.59707e-09,6.5322e-07
6.4,0.0895224,0.000389013,7.58987e-09,6.5322e-07
6.5,0.0838822,0.000301644,7.587e-09,6.5322e-07
6.6,0.0785052,0.000232839,7.58589e-09,6.5322e-07
6.7,0.0733843,0.000178924,7.58546e-09,6.5322e-07
6.8,0.068512,0.000136886,7.5853e-09,6.5322e-07
6.9,0.0638811,0.000104273,7.58524e-09,6.5322e-07
7,0.0594838,7.90971e-05,7.58522e-09,6.5322e-07
7.1,0.0553127,5.976e-05,7.58521e-09,6.5322e-07
7.2,0.05136,4.49812e-05,7.58521e-09,6.5322e-07
7.3,0.047618,3.37426e-05,7.5852e-09,6.5322e-07
7.4,0.0440791,2.52388e-05,7.5852e-09,6.5322e-07
7.5,0.0407355,1.88362e-05,7.5852e-09,6.5322e-07
7.6,0.0375797,1.40398e-05,7.5852e-09,6.5322e-07
7.7,0.0346041,1.04645e-05,7.5852e-09,6.5322e-07
7.8,0.0318011,7.81272e-06,7.5852e-09,6.5322e-07
7.9,0.0291634,5.8557e-06,7.5852e-09,6.5322e-07
8,0.0266838,4.41863e-06,7.5852e-09,6.5322e-07
8.1,0.0243551,3.36861e-06,7.5852e-09,6.5322e-07
8.2,0.0221703,2.60522e-06,7.5852e-09,6.5322e-07
8.3,0.0201226,2.05299e-06,7.5852e-09,6.5322e-07
8.4,0.0182052,1.65549e-06,7.5852e-09,6.5322e-07
8.5,0.0164117,1.37081e-06,7.5852e-09,6.5322e-07
8.6,0.0147357,1.16793e-06,7.5852e-09,6.5322e-07
8.7,0.0131712,1.02407e-06,7.5852e-09,6.5322e-07
8.8,0.0117121,9.22564e-07,7.5852e-09,6.5322e-07
8.9,0.0103527,8.51306e-07,7.5852e-09,6.5322e-07
9,0.00908752,8.01528e-07,7.5852e-09,6.5322e-07
9.1,0.00791113,7.6693e-07,7.5852e-09,6.5322e-07
9.2,0.00681841,7.43001e-07,7.5852e-09,6.5322e-07
9.3,0.00580444,7.26535e-07,7.5852e-09,6.5322e-07
9.4,0.00486446,7.15259e-07,7.5852e-09,6.5322e-07
9.5,0.00399397,7.07577e-07,7.5852e-09,6.5322e-07
9.6,0.00318862,7.0237e-07,7.5852e-09,6.5322e-07
9.7,0.00244428,6.98857e-07,7.5852e-09,6.5322e-07
9.8,0.00175702,6.96499e-07,7.5852e-09,6.5322e-07
9.9,0.0011231,6.94924e-07,7.5852e-09,6.5322e-07
10,0.000538967,6.93877e-07,7.5852e-09,6.5322e-07
10.1,1.23939e-06,6.93185e-07,7.5852e-09,6.5322e-07
